heliton  -- 03,17,19,23,33,54
renata   -- 08,13,16,28,32,33
iraima   -- 22,28,01,13,41,50
denise   -- 07,21,29,36,41,53
layla    -- 53,02,32,19,42,30
valneia  -- 09,22,12,37,48,51
adrielly -- 13,32,08,38,48,53
joelma   -- 01,02,04,22,37,44
rose     -- 08,16,33,34,44,50
eder     -- 37,53,16,23,48,10
brenda   -- 03,13,22,27,37,48
gizelda  -- 12,19,24,26,30,33
mirele   -- 05,12,29,23,45,49
mirele   -- 02,13,22,45,46,49
mirele   -- 04,08,10,24,29,32
marcus   -- 04,11,30,35,51,58
marcia   -- 17,41,07,20,10,23
kf       -- 04,07,10,19,53,60
othon    -- 04,13,27,29,43,51
othon    -- 05,11,18,24,35,57